Mean1
1.662
1.679
1.624
1.626
1.553
1.616
1.735
1.707
1.631
1.664
1.606
1.581
1.730
1.707
1.624
1.543
1.705
1.492
1.513
1.581
1.606
1.737
1.828
1.399
1.487
1.581
1.672
1.566
1.694
1.639
1.705
1.798
1.689
1.601
1.763
1.508
1.601
1.672
1.543
1.677
1.649
1.808
1.611
1.795
1.614
1.437
1.545
1.790
1.621
1.591
1.629
1.803
1.765
1.727
1.657
1.646
1.636
1.624
1.699
1.828
1.545
1.763
1.606
1.780
1.912
1.876
1.596
1.755
1.515
1.626
1.674
1.611
1.520
1.692
1.614
1.641
1.780
1.740
1.639
1.806
1.778
1.785
1.732
1.803
1.833
1.816
1.735
1.886
1.904
1.944
1.689
1.732
1.927
1.760
1.859
1.785
1.949
1.886
1.715
1.780
1.846
1.722
1.808
1.740
1.821
1.818
1.854
1.848
1.747
1.667
1.677
1.705
1.616
1.551
1.788
1.811
1.851
1.737
1.619
1.793
1.694
1.727
1.667
1.843
1.760
1.581
1.702
1.760
1.750
1.758
1.801
1.705
1.601
1.543
1.717
1.684
1.677
1.697
1.591
1.705
1.376
1.510
1.424
1.429
1.293
1.561
1.359
1.636
1.639
1.412
1.616
1.576
1.649
1.523
1.412
1.596
1.528
1.467
1.634
1.566
1.457
1.571
1.722
1.639
1.551
1.715
1.593
1.591
1.710
1.722
1.705
1.520
1.553
1.515
1.520
1.699
1.664
1.449
1.447
1.712
1.684
1.586
1.581
1.593
1.497
1.540
1.593
1.545
1.790
1.689
1.601
1.626
1.644
1.753
1.424
1.523
1.543
1.598
1.664
1.609
1.566
1.583
1.773
1.773
1.533
1.788
1.553
1.455
1.505
1.528
1.664
1.523
1.381
1.667
1.664
1.765
1.601
1.520
1.707
1.588
1.886
1.644
1.621
1.611
1.472
1.609
1.578
1.838
1.563
1.659
1.755
1.429
1.621
1.543
1.619
1.722
1.558
1.563
1.705
1.720
1.735
1.667
1.672
1.732
1.957
1.707
1.715
1.879
1.727
1.871
1.750
1.808
1.500
1.586
1.732
1.864
1.924
1.765
1.919
1.745
1.803
1.798
1.745
1.869
1.806
1.944
1.768
1.679
1.657
1.833
1.636
1.631
2.010
1.848
1.947
1.811
1.715
1.869
1.866
1.783
1.561
1.747
1.836
1.684
1.513
1.596
1.826
1.760
1.586
1.561
1.639
1.462
1.644
1.677
1.742
1.881
1.598
1.626
1.561
1.561
1.626
1.705
1.659
1.520
1.598
1.566
1.667
1.644
1.836
1.747
1.735
1.654
1.624
1.644
1.520
1.581
1.636
1.611
1.657
1.553
1.449
1.699
1.646
1.884
1.790
1.702
1.649
1.795
1.765
1.778
1.896
1.664
1.795
1.535
1.876
1.702
1.553
1.634
1.747
1.720
1.730
1.566
1.571
1.629
1.619
1.932
1.619
1.720
1.611
1.730
1.811
1.826
1.846
1.869
1.876
1.664
1.730
1.831
1.924
1.813
1.985
1.904
1.896
1.821
1.929
1.581
1.591
1.778
1.520
1.624
1.540
1.566
1.715
1.470
1.699
1.609
1.551
1.634
1.384
1.439
1.662
1.667
1.725
1.467
1.588
1.836
1.556
1.919
1.662
1.621
1.631
1.553
1.626
1.667
1.513
1.679
1.619
1.753
1.639
1.535
1.838
1.606
1.588
1.687
1.793
1.975
1.927
1.836
1.742
1.737
1.753
1.727
1.816
1.798
1.727
1.821
1.535
1.649
1.770
1.722
1.747
1.530
1.568
1.790
1.624
1.836
1.657
1.578
1.548
1.619
1.816
1.821
1.750
1.732
1.689
1.823
1.649
1.848
1.750
1.821
1.578
1.712
1.662
1.659
1.604
1.795
1.836
1.760
1.780
1.808
1.831
1.851
1.768
1.917
1.848
1.977
1.843
2.051
1.977
1.919
2.003
1.934
2.030
2.020
1.977
1.753
1.869
1.838
1.836
1.904
1.856
2.015
1.919
1.735
1.790
1.818
1.747
1.821
1.677
1.634
1.856
1.725
1.674
1.750
1.848
1.758
1.755
1.753
1.813
1.588
1.803
1.750
2.000
1.843
1.556
1.864
1.740
1.732
1.790
1.836
1.740
1.641
1.659
1.641
1.705
1.813
1.866
1.649
1.616
1.763
1.338
1.399
1.535
1.629
1.477
1.444
1.836
1.694
1.485
1.702
1.457
1.679
1.583
1.697
1.654
1.795
1.626
1.551
1.664
1.795
1.674
1.624
1.566
1.525
1.591
1.823
1.725
1.859
1.669
1.745
1.654
1.750
1.684
1.611
1.798
1.669
1.480
1.520
1.705
1.649
1.725
1.687
1.846
1.601
1.667
1.659
1.793
1.659
1.571
1.818
1.785
1.606
1.606
1.672
1.899
1.785
1.778
1.957
1.831
1.689
1.699
2.003
1.808
1.606
1.677
1.783
1.750
1.775
1.884
1.616
1.654
1.606
1.636
1.662
1.644
1.763
1.732
1.780
1.578
1.616
1.735
1.697
1.962
1.606
1.753
1.679
1.836
1.692
1.760
1.942
1.672
1.699
1.783
1.818
1.717
1.874
1.672
1.949
1.795
1.861
1.891
1.798
1.775
1.659
1.912
1.894
1.854
1.828
1.747
1.876
1.778
1.758
1.904
1.838
1.939
1.856
1.896
1.806
1.816
1.785
1.899
1.813
1.783
1.788
1.593
1.432
1.712
1.859
1.939
1.859
1.684
1.742
1.785
1.788
1.785
1.806
1.689
1.707
1.924
1.919
1.788
1.813
1.730
1.846
1.960
1.866
1.677
1.571
1.808
1.611
1.543
1.689
1.429
1.697
1.742
1.576
1.578
1.672
1.646
1.631
1.705
1.727
1.753
1.699
1.861
1.995
1.778
1.841
1.934
1.889
1.874
1.854
1.785
1.682
1.821
1.631
1.593
1.492
1.742
1.881
1.896
1.619
1.841
1.808
1.899
1.838
1.828
1.944
1.773
1.838
1.914
1.669
1.821
1.785
1.869
1.987
2.008
1.884
1.833
1.937
2.038
1.934
1.975
1.924
1.949
1.780
1.843
1.904
1.854
2.008
1.919
1.801
1.753
1.816
1.869
1.917
1.760
1.841
1.889
1.869
1.889
1.919
1.848
1.793
1.702
1.556
1.838
1.581
1.540
1.477
1.927
1.960
1.869
1.826
1.861
1.788
1.780
1.831
1.828
1.856
1.682
1.934
1.725
1.556
1.960
1.593
1.583
1.669
1.710
1.801
1.429
1.677
1.742
1.927
1.927
1.808
1.851
1.907
1.896
1.747
1.778
1.712
1.801
1.753
1.932
1.657
1.838
1.841
1.758
1.707
1.806
1.598
1.654
1.836
1.727
1.859
1.909
1.970
1.672
1.813
1.614
1.768
1.679
1.614
1.785
1.697
1.876
1.790
1.659
1.848
1.899
1.841
1.932
1.881
1.902
1.699
1.843
1.735
1.879
1.871
1.965
1.795
1.831
1.624
1.404
1.578
1.540
1.710
1.725
1.439
1.558
1.621
1.710
1.705
1.735
1.664
1.631
1.684
1.722
1.712
1.679
1.649
1.783
1.755
1.790
1.899
1.624
1.838
1.649
1.947
1.758
1.821
1.806
1.712
1.773
1.778
1.538
1.586
1.654
1.677
1.854
1.722
1.707
1.629
1.604
1.439
1.407
1.480
1.571
1.654
1.376
1.571
1.692
1.492
1.508
1.659
1.571
1.427
1.604
1.341
1.543
1.553
1.652
1.854
1.558
1.823
1.710
1.664
1.790
1.854
1.919
1.538
1.758
1.644
1.725
1.806
1.659
1.823
1.924
1.753
1.801
1.942
1.710
1.811
1.674
1.652
1.553
1.889
1.566
1.768
1.740
1.583
1.750
1.727
1.490
1.664
1.629
1.866
1.737
1.667
1.745
1.816
1.831
1.654
1.765
1.619
1.699
1.896
1.720
1.894
1.639
1.540
1.732
1.636
1.768
1.598
1.652
1.725
1.548
1.806
1.806
1.753
1.636
1.775
1.664
1.629
1.646
1.717
1.631
1.760
1.616
1.657
1.758
1.980
1.669
1.503
1.788
1.801
1.684
1.889
1.939
1.876
1.755
1.697
1.710
1.747
1.778
1.629
1.710
1.379
1.689
1.775
2.005
1.929
1.758
1.780
1.854
1.684
1.765
1.836
1.902
1.894
1.902
1.778
1.765
1.889
1.801
1.813
1.821
1.682
1.725
1.801
1.778
1.725
1.823
1.838
2.035
1.955
1.699
1.770
1.664
1.631
1.687
1.692
1.826
1.765
1.816
1.740
1.871
1.775
1.750
1.778
1.639
1.669
1.795
1.725
1.884
1.715
1.763
1.821
1.864
1.821
1.846
1.987
2.091
1.833
1.947
1.864
1.871
1.843
1.821
1.899
1.795
1.828
1.806
1.869
1.813
1.806
1.770
1.919
1.778
1.932
1.694
1.886
1.758
1.992
2.028
1.909
1.856
1.977
1.864
1.854
1.939
1.455
1.770
1.715
1.725
1.859
1.816
1.657
1.856
1.619
1.697
1.545
1.649
1.828
1.735
1.500
1.619
1.571
1.730
1.778
1.619
1.639
1.801
1.798
1.727
1.727
1.768
1.889
1.997
2.073
1.922
2.030
1.927
1.823
2.073
1.960
1.851
1.826
1.952
1.889
1.871
1.775
1.904
1.939
1.962
1.790
1.801
2.061
1.899
1.985
1.644
1.798
1.684
1.649
1.889
1.889
1.765
1.869
1.917
1.813
1.909
1.962
2.000
1.985
1.982
1.917
2.015
1.975
2.045
1.967
1.957
1.843
2.045
1.982
1.917
2.066
1.947
1.924
1.790
1.773
1.740
1.912
1.884
1.859
1.710
1.657
1.561
1.662
1.798
1.780
1.611
1.520
1.677
1.679
1.912
1.720
1.609
1.823
1.788
1.869
1.692
1.659
1.747
1.732
1.725
1.904
1.803
1.838
1.644
1.732
1.816
1.778
1.548
1.826
1.551
1.576
1.616
1.558
1.495
1.626
1.591
1.545
1.740
1.730
1.634
1.682
1.735
1.568
1.348
1.621
1.712
1.705
1.682
1.606
1.591
1.848
1.833
1.679
1.644
1.702
1.639
1.566
1.611
1.682
1.591
1.788
1.753
1.722
1.765
1.793
1.727
1.523
1.803
1.702
1.556
1.689
1.747
1.561
1.841
1.783
1.861
1.593
1.732
1.750
1.907
1.874
1.768
1.884
1.818
1.725
1.609
1.753
2.023
1.828
1.558
1.836
1.859
1.929
1.788
1.859
1.684
1.702
1.770
1.904
1.621
1.646
1.861
1.801
1.917
1.773
1.725
1.826
1.904
1.962
1.866
1.955
1.722
1.838
1.780
1.760
1.919
1.856
1.856
1.955
1.944
1.755
1.846
1.972
1.644
1.788
1.687
1.654
1.960
1.932
2.003
1.702
1.856
1.727
1.745
1.672
1.871
1.760
1.586
1.760
1.780
1.960
1.896
1.707
1.707
1.768
1.634
1.449
1.806
1.641
1.818
1.886
1.932
1.727
1.773
1.896
1.929
1.836
2.043
1.871
1.783
1.904
1.765
1.662
1.737
1.952
1.689
1.649
1.811
1.778
1.763
1.808
1.924
1.760
1.798
1.737
1.788
1.841
1.902
1.813
1.874
1.987
1.859
2.025
2.023
1.967
2.051
2.058
1.967
1.909
1.987
1.841
1.869
1.869
1.967
1.980
2.020
1.745
1.975
1.891
1.750
1.980
1.939
1.831
1.826
1.937
1.919
1.778
1.947
1.811
1.732
1.750
1.914
1.912
1.912
1.553
1.848
1.944
2.018
1.957
1.922
1.869
1.634
1.869
1.798
1.747
1.621
1.848
1.725
1.843
1.826
1.914
1.848
1.806
1.977
1.907
1.922
1.793
1.715
1.806
1.871
1.717
1.866
1.783
1.934
1.818
1.836
1.737
1.896
1.992
1.909
1.881
2.028
1.932
1.801
1.982
1.886
1.790
1.755
1.677
1.861
1.699
1.581
1.876
1.811
1.770
1.735
1.886
1.778
1.866
1.821
1.965
1.944
1.932
1.808
1.823
1.790
1.801
1.770
1.838
1.884
1.806
1.924
1.927
1.977
1.879
1.808
1.891
1.886
1.896
1.831
1.970
1.997
1.997
1.972
1.922
1.881
1.785
1.828
1.816
1.806
1.780
1.894
1.929
1.851
1.871
2.008
1.982
1.821
1.934
1.947
1.692
1.854
1.755
1.891
1.937
1.914
1.871
1.753
1.952
1.833
1.735
1.801
1.747
1.972
1.891
1.826
1.856
1.866
1.914
1.848
1.949
1.833
1.851
1.826
1.742
1.833
1.866
1.705
1.659
1.939
1.755
1.773
1.836
1.760
1.846
1.780
1.866
1.864
1.884
1.957
1.722
1.586
1.601
1.838
1.826
1.765
1.899
1.780
1.778
1.891
1.725
1.876
1.785
1.854
1.947
1.790
1.717
1.912
1.838
1.803
1.907
1.775
2.033
1.937
1.859
1.866
1.836
2.025
1.866
1.952
1.861
1.861
1.856
1.732
1.758
1.765
1.854
1.710
1.821
1.773
1.831
1.694
1.573
1.644
1.515
1.803
1.778
1.551
1.747
1.790
1.475
1.485
1.662
1.712
1.581
1.477
1.760
1.616
1.652
1.548
1.871
1.596
1.710
1.687
1.566
1.548
1.692
1.755
1.548
1.707
1.783
1.611
1.702
1.470
1.742
1.533
1.763
1.576
1.833
1.793
1.659
1.848
1.866
1.753
2.010
1.904
1.836
1.745
1.790
1.828
1.783
1.848
1.629
1.742
1.914
1.831
1.702
1.783
1.891
1.697
1.593
1.735
1.470
1.598
1.639
1.480
1.609
1.720
1.664
1.712
1.712
1.725
1.775
1.573
1.899
1.649
1.801
1.730
1.811
1.889
1.702
1.801
1.725
1.808
1.876
1.869
1.778
1.785
1.722
1.833
2.051
1.773
1.763
1.833
1.795
1.848
1.679
1.833
1.823
1.742
1.879
1.828
1.750
1.702
1.775
1.965
1.902
1.611
1.795
1.727
1.795
1.929
1.891
1.727
1.952
1.949
1.811
1.833
1.750
1.889
1.705
1.919
1.848
1.894
2.003
1.990
1.836
1.758
1.725
1.730
1.826
1.783
1.677
1.556
1.621
1.730
1.889
1.788
1.932
1.742
1.859
1.859
1.710
1.662
1.904
1.944
1.808
1.975
1.821
1.795
1.803
1.914
1.813
1.828
1.609
1.609
1.654
1.644
1.510
1.778
1.649
1.798
1.737
1.919
1.518
1.586
1.871
1.775
1.737
1.611
1.813
1.732
1.692
1.816
1.760
1.735
1.694
1.659
1.866
1.947
1.636
1.652
1.679
1.806
1.720
1.846
1.586
1.422
1.689
1.669
1.646
1.646
1.712
1.692
1.788
1.896
1.894
1.715
1.907
1.727
1.768
1.778
1.732
1.859
1.960
1.869
1.768
1.755
1.826
1.836
1.864
1.742
1.768
1.859
1.720
1.778
1.861
1.727
1.962
1.934
1.939
1.896
1.977
1.871
1.793
1.952
1.866
1.778
1.785
1.591
1.785
1.826
1.944
1.884
1.828
1.813
1.747
1.919
1.960
2.020
2.068
2.071
1.841
1.939
2.035
1.783
1.970
1.874
1.836
1.866
1.965
1.816
1.856
1.884
1.965
1.811
1.914
1.843
1.919
1.884
1.798
1.740
1.879
1.505
1.745
1.793
1.955
1.894
1.871
1.821
1.740
1.843
1.586
1.826
1.573
1.755
1.707
1.750
1.737
1.760
1.571
1.773
1.606
1.745
1.816
1.828
1.790
1.707
1.889
1.818
1.854
1.859
1.982
1.947
1.922
2.013
1.818
1.869
1.949
1.866
1.654
1.629
1.657
1.702
1.669
1.601
1.808
1.674
1.634
1.826
1.841
1.831
1.836
1.846
1.780
1.922
1.889
1.869
1.884
1.760
1.669
1.801
1.712
1.798
1.641
1.727
1.614
1.611
1.588
1.876
1.669
1.831
1.843
1.712
1.692
1.705
1.747
1.717
1.692
1.654
1.803
1.750
1.624
1.864
1.813
1.652
1.730
1.694
1.808
1.518
1.833
1.841
1.692
1.677
1.816
1.707
1.753
1.758
1.609
1.684
1.750
1.616
1.664
1.750
1.641
1.747
1.770
1.657
1.881
1.909
1.795
1.664
1.657
1.712
1.806
1.813
1.720
1.785
1.682
1.586
1.293
1.843
1.843
1.932
1.758
1.917
1.540
1.578
1.876
1.699
1.492
1.801
1.828
1.742
1.947
1.803
1.773
1.843
1.646
1.715
1.763
1.826
1.803
1.747
1.813
1.944
1.755
1.750
2.010
1.972
1.793
1.869
1.432
1.957
1.689
1.846
1.581
1.740
1.801
1.674
2.033
1.912
1.891
1.962
1.869
1.886
1.965
1.879
1.929
1.707
1.788
1.699
1.841
1.934
1.811
1.907
1.634
1.715
1.823
1.598
1.699
1.581
1.571
1.634
1.654
1.626
1.639
1.755
1.591
1.806
1.929
1.879
1.995
2.013
1.856
1.866
1.972
1.985
1.864
1.952
1.934
1.740
1.712
1.795
1.924
1.904
1.730
1.624
1.654
1.773
1.760
1.742
1.869
1.871
1.737
1.856
1.904
1.631
1.694
1.662
1.763
1.866
1.755
1.795
1.894
1.798
1.899
1.803
1.773
1.816
1.763
1.831
1.669
1.778
1.573
1.848
1.699
1.601
1.947
2.020
1.755
1.818
1.813
1.876
1.836
1.765
1.831
1.919
1.770
1.866
1.831
1.846
1.687
1.770
1.682
1.725
1.919
1.821
1.919
1.717
1.846
1.518
1.896
1.874
1.818
1.886
1.924
1.679
1.871
1.919
1.932
1.828
1.929
1.841
1.843
1.927
1.808
1.970
1.987
1.965
1.927
1.962
2.003
2.018
1.803
1.889
1.960
1.970
1.967
1.987
1.957
1.869
1.904
1.947
1.949
1.957
1.919
1.874
1.980
1.929
2.025
1.886
1.947
1.932
1.934
2.013
1.997
2.005
1.982
1.934
1.955
1.899
1.972
1.955
1.833
1.960
2.015
2.076
1.886
2.035
1.861
1.866
1.990
1.917
1.947
1.909
1.972
1.934
1.889
1.838
1.697
1.705
1.977
1.871
1.912
1.914
1.803
1.841
1.816
1.775
1.677
1.949
2.038
1.904
1.828
1.866
1.836
1.747
1.871
1.922
2.030
1.874
1.765
1.866
1.912
1.990
1.942
2.030
1.997
1.980
1.990
1.995
1.995
2.000
1.899
1.982
1.952
1.987
1.965
2.081
1.874
1.884
1.821
1.980
1.975
1.922
2.040
2.066
1.972
2.003
1.934
1.990
1.970
1.848
1.896
1.987
1.939
1.987
1.884
1.972
1.907
1.922
1.674
1.864
1.972
1.924
1.742
1.924
1.972
1.828
2.000
1.811
1.927
1.785
1.879
1.689
1.801
1.859
1.864
1.854
1.669
1.818
1.869
1.960
1.745
1.932
1.747
1.982
1.722
1.826
2.030
1.927
1.871
1.937
2.008
1.881
1.934
2.061
1.997
2.028
1.939
1.828
1.965
1.894
1.881
1.927
1.962
1.826
1.838
1.821
1.947
1.838
1.879
1.753
1.904
1.803
2.008
1.987
2.035
1.970
1.922
2.068
1.904
1.932
2.035
1.995
1.997
2.043
1.965
2.073
1.891
2.003
2.010
1.995
2.051
2.063
2.051
1.917
2.086
2.015
1.942
1.975
2.015
1.942
2.000
2.013
2.040
2.093
1.992
1.967
1.907
1.917
1.980
2.018
2.010
1.955
1.952
2.010
1.874
1.747
1.866
1.869
1.960
1.886
1.955
1.826
1.846
1.912
1.912
1.874
1.965
1.896
1.884
1.995
1.907
1.851
1.866
1.909
2.020
1.914
1.919
2.033
1.987
1.826
2.005
2.028
1.937
1.972
1.879
1.962
1.790
2.076
2.058
2.003
1.949
1.854
2.030
2.003
1.937
1.975
1.891
1.874
1.889
1.891
1.843
1.907
1.967
2.013
1.765
1.924
2.028
1.975
1.975
1.919
1.934
2.008
2.030
1.990
2.028
2.005
2.033
1.891
1.871
1.836
1.970
1.821
1.833
1.742
1.944
1.826
1.871
1.949
1.995
1.876
1.765
1.828
1.866
1.841
1.912
1.947
1.871
1.720
1.932
1.922
1.992
1.929
2.000
1.894
1.929
2.018
1.997
1.841
1.995
1.846
1.788
1.780
1.856
1.891
1.912
1.886
1.702
1.960
1.854
2.010
1.957
1.939
1.909
1.942
1.937
1.735
1.669
1.730
1.768
1.838
1.972
2.015
2.005
2.008
1.992
1.967
1.758
1.952
1.902
2.018
2.025
1.884
1.992
1.919
1.836
1.793
1.899
1.664
1.841
2.020
1.790
1.707
1.833
1.942
1.952
1.682
1.793
1.747
1.654
1.775
1.667
1.657
1.780
1.750
1.720
1.788
1.765
1.977
1.833
1.747
1.720
1.646
1.747
1.861
1.720
1.886
1.902
1.747
1.871
1.907
1.965
1.932
1.871
1.927
1.859
1.869
1.801
1.765
1.785
1.710
1.664
1.833
1.659
1.816
1.843
1.909
1.909
1.795
1.770
1.813
1.747
1.914
1.907
1.861
1.833
1.866
1.785
1.583
1.960
1.846
1.944
1.788
1.841
1.871
1.856
1.775
1.773
1.619
1.795
1.816
1.947
1.639
1.818
1.919
1.972
2.025
1.891
1.871
1.717
1.629
1.843
1.864
1.841
1.740
1.929
1.788
1.854
1.866
1.811
1.914
1.869
1.924
1.932
1.861
1.912
1.866
1.818
1.955
2.015
2.008
1.826
1.808
1.965
1.869
1.917
1.823
1.917
1.768
1.927
1.876
1.919
1.869
1.919
1.929
1.831
1.937
1.957
1.793
1.917
1.955
1.798
1.937
1.985
1.990
2.020
1.856
2.005
1.970
1.768
1.939
1.871
1.848
1.854
1.732
1.828
1.750
1.907
1.808
1.770
1.740
1.755
1.654
1.674
1.672
1.689
1.773
1.823
1.884
1.712
1.856
1.929
1.740
1.826
1.886
1.699
1.684
1.573
1.871
1.864
1.942
1.712
1.806
1.735
1.838
1.717
1.788
1.735
1.571
1.808
1.808
1.828
1.710
1.758
1.742
1.657
1.896
1.843
1.793
1.722
1.730
1.725
1.879
1.891
1.669
1.725
1.879
1.659
1.886
1.732
1.944
1.753
1.687
1.730
1.869
1.899
1.864
1.987
1.932
1.896
1.932
1.970
1.947
1.932
2.040
2.025
1.992
1.990
1.982
2.030
2.000
2.030
1.960
1.952
1.884
1.952
2.040
1.934
1.924
1.934
2.008
1.995
1.970
1.886
1.962
2.015
1.955
1.788
1.818
1.992
1.760
1.778
1.947
1.795
1.851
1.881
1.947
1.763
2.043
2.015
1.801
1.846
1.955
1.861
1.881
1.710
1.927
1.765
1.949
1.811
1.788
1.763
1.644
1.896
1.874
1.927
2.038
1.881
1.836
1.854
1.980
1.833
1.770
2.045
1.992
1.871
1.795
1.710
1.735
1.899
1.775
1.798
1.864
2.005
1.866
1.924
1.828
1.795
1.889
2.005
1.735
1.967
1.806
1.874
1.793
1.707
1.891
1.856
1.636
1.649
1.727
1.677
1.821
1.841
1.856
1.848
1.871
1.982
1.965
1.995
1.987
1.949
1.768
1.871
1.879
2.033
2.048
1.874
1.846
1.848
1.737
1.828
1.684
1.955
1.859
1.914
1.788
1.707
1.735
1.596
1.755
1.924
1.783
1.997
1.891
2.020
1.773
1.654
1.813
1.917
1.848
1.687
1.927
1.856
1.821
1.811
1.803
1.828
1.896
1.912
1.841
1.909
1.904
1.778
1.745
1.836
1.730
1.823
1.881
1.801
1.902
1.775
1.770
1.846
1.742
1.742
1.876
1.679
1.828
1.763
1.694
1.836
1.846
1.768
1.778
1.848
1.864
1.836
1.601
1.854
1.629
1.838
1.634
1.697
1.753
1.697
1.500
1.859
1.598
1.692
1.571
1.760
1.631
1.664
1.604
1.659
1.697
1.737
1.667
1.672
1.755
1.914
1.823
1.470
1.629
1.460
1.677
1.601
1.664
1.712
1.657
1.803
1.848
1.836
1.634
1.775
1.702
1.657
1.694
1.667
1.813
1.919
1.808
1.896
1.884
1.876
1.692
1.740
1.833
1.745
1.821
1.795
1.826
1.823
1.750
1.684
1.682
1.831
1.889
1.902
1.619
1.808
1.710
1.869
1.803
1.717
1.851
1.785
1.828
1.583
1.854
1.634
1.773
1.859
1.753
1.652
1.808
1.803
1.826
1.861
1.669
1.596
1.813
2.023
1.747
1.806
1.818
1.970
1.864
1.955
1.846
1.795
1.891
1.902
1.912
1.975
1.997
1.884
1.848
1.859
1.932
2.040
1.886
1.811
1.737
1.679
1.631
1.828
1.808
1.831
1.790
1.907
1.811
1.732
1.838
1.833
1.616
1.811
1.737
1.798
1.672
1.682
1.848
1.684
1.563
1.768
1.747
1.836
1.854
1.677
1.646
1.606
1.586
1.803
1.573
1.669
1.669
1.745
1.750
1.720
1.593
1.596
1.732
1.780
1.710
1.929
1.808
1.649
1.846
1.856
1.798
1.919
1.596
1.828
1.851
1.864
1.929
1.907
1.808
1.884
1.798
1.912
1.914
1.939
1.927
1.730
1.919
1.654
1.492
1.894
1.889
1.818
1.750
1.659
1.732
1.705
1.735
1.859
1.735
1.747
1.874
1.674
1.753
1.929
1.730
1.793
1.846
1.949
1.965
1.795
1.705
1.899
1.702
1.922
1.790
1.740
1.636
1.538
1.662
1.553
1.672
1.727
1.601
1.553
1.520
1.492
1.609
1.429
1.568
1.540
1.687
1.659
1.745
1.770
1.593
1.545
1.742
1.583
1.621
1.687
1.846
1.720
1.715
1.725
1.649
1.763
1.778
1.841
1.783
1.692
1.831
1.846
1.907
1.949
1.785
1.793
1.854
1.780
1.876
1.795
1.854
1.947
1.740
1.644
1.505
1.740
1.737
1.576
1.841
1.833
1.836
1.932
1.841
1.828
1.982
1.864
1.833
1.856
1.593
1.727
1.609
1.831
1.649
1.543
1.639
1.821
1.677
1.907
1.745
1.793
1.770
1.944
1.626
1.626
1.742
1.684
1.593
1.505
1.563
1.753
1.750
1.669
1.750
1.659
1.672
1.710
1.745
1.758
1.871
1.856
1.753
1.881
1.773
1.750
1.957
1.783
1.667
1.657
1.753
1.838
1.884
1.871
1.896
1.856
1.884
1.881
1.798
1.763
1.828
1.578
1.821
1.803
1.702
1.598
1.740
1.601
1.606
1.419
1.624
1.604
1.553
1.732
1.429
1.543
1.760
1.710
1.831
1.745
1.725
1.606
1.927
1.917
1.997
1.846
1.932
1.972
1.866
1.843
1.967
1.730
1.861
1.879
1.889
1.798
1.828
1.861
1.818
1.886
2.043
1.866
1.770
1.715
1.712
1.854
1.727
1.717
1.535
1.770
1.763
1.606
1.679
1.732
1.889
1.664
1.604
1.470
1.583
1.487
1.699
1.851
1.682
1.672
1.750
1.611
1.601
1.717
1.793
1.864
1.823
1.790
1.929
1.674
1.737
1.727
1.798
1.760
1.864
1.859
1.899
1.833
1.664
1.818
1.821
1.707
1.768
1.644
1.697
1.770
1.854
1.606
1.659
1.442
1.621
1.758
1.768
1.639
1.687
1.828
1.545
1.737
1.806
1.495
1.611
1.631
1.755
1.576
1.843
1.765
1.710
1.674
1.798
1.720
1.662
1.634
1.737
1.682
1.912
1.669
1.758
1.710
1.760
1.649
1.838
1.725
1.712
1.528
1.773
1.576
1.558
1.720
1.596
1.730
1.578
1.740
1.641
1.540
1.747
1.631
1.715
1.780
1.778
1.795
1.523
1.573
1.609
1.758
1.717
1.745
1.753
1.657
1.641
1.614
1.765
1.808
1.929
1.884
1.783
1.838
1.485
1.571
1.503
1.707
1.578
1.934
1.818
1.604
1.543
1.742
1.679
1.803
1.601
1.753
1.881
1.856
1.745
1.657
1.866
1.836
1.523
1.710
1.644
1.735
1.525
1.566
1.593
1.639
1.419
1.480
1.500
1.705
1.694
1.753
1.735
1.588
1.518
1.707
1.551
1.515
1.684
1.846
1.949
1.912
1.932
1.859
1.859
1.717
1.705
1.788
1.924
1.869
1.904
1.808
1.843
1.856
1.654
1.828
1.770
1.833
1.884
1.826
1.720
1.664
1.692
1.725
1.654
1.687
1.417
1.646
1.768
1.636
1.664
1.510
1.811
1.702
1.758
1.654
1.682
1.732
1.869
1.679
1.732
1.654
1.813
1.876
1.801
1.626
1.631
1.760
1.667
1.576
1.669
1.641
1.626
1.331
1.725
1.732
1.649
1.606
1.758
1.833
1.778
1.679
1.833
1.609
1.765
1.833
1.649
1.518
1.730
1.528
1.843
1.770
1.715
1.919
1.902
1.833
1.730
1.765
1.578
1.813
1.864
1.753
1.515
1.697
1.949
1.785
1.763
1.641
1.750
1.758
1.705
1.793
1.689
1.702
1.644
1.788
1.712
1.770
1.914
1.682
1.808
1.652
1.775
1.710
1.823
1.727
1.654
1.730
1.687
1.745
1.740
1.919
1.556
1.697
1.773
1.760
1.677
1.859
1.682
1.702
1.621
1.763
1.551
1.644
1.679
1.586
1.740
1.621
1.583
1.540
1.732
1.725
1.402
1.775
1.568
1.634
1.740
1.932
1.740
1.831
1.715
1.548
1.747
1.682
1.566
1.591
1.439
1.669
1.705
1.712
1.717
1.806
1.851
1.682
1.730
1.641
1.922
1.806
1.841
1.775
1.821
2.035
1.949
1.947
1.866
1.720
1.775
1.785
1.750
1.838
1.702
1.894
1.836
1.720
1.816
1.730
1.773
1.639
1.854
1.826
1.891
1.846
1.960
1.896
1.947
1.990
1.952
1.785
1.823
1.826
1.879
1.909
1.970
1.987
2.000
2.023
1.955
1.889
2.040
1.856
1.846
2.008
1.972
1.914
1.995
1.859
1.864
1.924
1.806
1.955
1.884
1.919
1.856
1.899
1.846
1.818
1.912
1.838
1.879
1.891